version https://git-lfs.github.com/spec/v1
oid sha256:0671027f3f0593b133a8169847340476e77fda18584a75275c7e98f65f6b224b
size 135486
