version https://git-lfs.github.com/spec/v1
oid sha256:5eb463fc9961c43aed291878c0aeb9c065886b02df23907a98a191aa1d1ea64b
size 99559
