version https://git-lfs.github.com/spec/v1
oid sha256:33b0ea7d743dcb516b51f53758c0c6b2dc95235f151430b866aa64326695efaf
size 109580
